824.842623
572.803279
582.983607
581.285246
580.157377
1318.662295
558.790164
567.232787
575.721311
578.386885
569.426230
588.042623
629.846154
681.949833
663.026756
682.197324
641.270903
648.384615
648.177258
644.832776
652.515050
674.354515
643.682274
653.331104
697.745819
657.839465
679.381271
649.876254
662.237458
703.468227
680.772575
1018.214047
655.732441
661.374582
656.765886
656.444816
649.528428
651.424749
644.578595
644.581940
649.197324
657.230769
651.638796
641.397993
647.909699
649.033445
675.234114
663.816054
655.458194
653.501672
692.046823
694.719064
674.478261
721.986622
725.761719
720.855469
753.195312
787.441406
732.285156
742.140625
758.824219
706.183594
710.031250
728.402344
733.097656
725.847656
713.730469
726.500000
730.457031
707.925781
728.347656
728.328125
756.343750
711.164062
705.523438
728.046875
722.253906
745.785156
760.667969
783.730469
723.746094
718.320312
763.523438
742.289062
701.589844
711.984375
720.898438
694.085938
713.917969
711.390625
712.839844
697.953125
716.496094
708.632812
706.406250
700.625000
702.082031
697.894531
704.582031
717.738281
