1630.028090
1307.498127
1243.436330
1245.666667
1250.764045
1251.237828
1280.078652
1298.602996
1242.779026
1282.500000
1251.971910
1272.644195
1278.923221
1255.196629
1287.621723
1290.970037
1295.352060
1375.964419
1289.479401
1243.895131
1254.127341
1248.996255
1291.810861
1269.125468
1269.477528
1117.349550
1127.722523
1150.335135
1146.726126
1154.136937
1149.108108
1136.147748
1151.998198
1145.690090
1176.221622
1130.693694
1141.362162
1148.906306
1173.780180
1155.286486
1192.230631
1145.160360
1181.434234
1155.942342
1157.392793
1218.273874
1175.237838
1122.472072
1159.497297
1173.617916
1185.378428
1169.001828
1177.824497
1176.096892
1202.085923
1189.032907
1201.862888
1177.601463
1175.151737
1202.449726
1196.327239
1180.683729
1178.272395
1158.802559
1153.104205
1173.457038
1190.027422
1177.062157
1143.122486
1171.976234
1154.279707
1199.751371
1191.840951
1184.627057
1525.761905
1531.140952
1572.746667
1562.285714
1571.026667
1582.020952
1585.093333
1554.259048
1571.834286
1536.780952
1571.019048
1566.685714
1569.310476
1560.112381
1565.356190
1561.811429
1595.453333
1580.758095
1572.699048
1537.411429
1574.083810
1591.209524
1569.651429
1582.112381
1564.459048
1447.671429
