1582.885714
1496.076692
1490.636090
1650.748162
1656.981618
1691.106618
1741.386029
1674.882353
1662.213235
1692.678309
1618.832721
1665.591912
1672.819853
1618.693015
1706.558824
1706.012868
1703.071691
1671.928309
1669.983456
1626.527574
1678.277574
1661.240809
1660.325368
1685.391544
1695.312500
1625.305147
1683.759191
1694.650735
1492.619546
1465.296684
1550.390925
1526.113438
1456.078534
1551.324607
1506.317627
1494.275742
1508.801047
1513.120419
1503.139616
1499.516579
1473.083770
1569.020942
1495.054101
1514.649215
1584.471204
1448.977312
1472.965096
1454.513089
1471.877836
1450.331588
1556.353218
1539.687598
1581.218210
1522.828885
1511.518053
1537.237049
1550.274725
1516.970173
1537.582418
1556.199372
1561.530612
1552.224490
1565.871272
1548.995290
1551.481947
1567.331240
1541.481947
1575.932496
1554.832025
1538.814757
1571.808477
1523.538462
1461.722736
1471.129390
1475.506470
1473.663586
1460.260628
1462.484288
1489.260628
1439.593346
1464.207024
1477.421442
1488.290203
1480.826248
1493.356747
1461.820702
1487.332717
1492.462107
1468.219963
1441.480591
1454.286506
1513.874307
1504.316081
1487.168207
1513.656192
1450.096118
1489.314050
1465.733884
1502.664463
1496.664463
