316.050000
282.283333
292.058333
279.608333
288.900000
281.775000
269.841667
267.883333
269.225000
268.008333
267.933333
268.316667
275.575000
268.300000
269.741667
266.700000
267.466667
266.166667
266.733333
264.766667
265.516667
265.466667
269.341667
265.900000
267.391667
262.491667
266.975000
267.475000
263.291667
266.958333
266.825000
263.258333
266.425000
264.350000
266.733333
267.233333
263.616667
266.341667
267.058333
264.491667
267.291667
267.441667
264.258333
261.350000
266.975000
268.766667
266.541667
267.216667
265.150000
263.125000
266.608333
266.400000
272.425000
266.558333
266.475000
267.075000
267.866667
265.450000
268.875000
248.513514
247.750000
258.817568
264.905405
263.466216
259.702703
248.081081
251.459459
265.466216
259.033784
245.858108
261.432432
265.763514
268.547297
245.966216
246.824324
246.358108
243.574324
245.993243
246.128378
244.371622
245.155405
248.175676
246.418919
246.371622
244.885135
246.695946
247.763514
245.020270
246.837838
245.466216
254.405405
247.121622
247.060811
246.506757
244.810811
244.797297
252.493243
249.932432
246.621622
247.222973
