730.243626
726.473088
720.586402
700.252125
768.487805
763.577236
753.113821
766.823848
762.650407
766.962060
761.699187
765.710027
767.314363
760.124661
772.490515
749.528455
767.067751
765.924119
759.715447
774.688347
754.382114
787.360434
775.425474
743.734417
769.720867
806.138211
756.029810
744.501355
755.097561
738.298103
754.176152
756.550136
771.352304
765.027100
771.769648
765.186992
754.742547
778.780488
750.295393
752.663957
889.568047
861.568047
838.479290
880.461538
868.961538
930.875740
856.893491
862.068047
885.352071
858.263314
904.059172
854.097633
866.150888
892.337278
874.218935
888.872781
876.559172
881.914201
885.118343
853.316568
864.227811
887.624260
857.476331
871.026627
875.221893
881.097633
877.121302
866.011834
892.497041
865.621302
846.695266
850.470414
854.869822
871.733728
843.893491
863.878698
856.227811
862.914773
892.230114
877.534091
870.082386
883.090909
869.812500
875.607955
867.431818
884.619318
895.187500
878.090909
889.178977
890.227273
865.823864
869.806818
879.454545
890.073864
889.093750
883.215909
900.181818
858.542614
862.815341
871.372159
