226.234375
182.984375
172.078125
195.265625
170.031250
171.796875
184.312500
173.578125
172.984375
171.906250
169.968750
171.812500
172.265625
168.937500
173.187500
170.656250
175.343750
171.593750
170.578125
170.796875
171.515625
173.828125
174.859375
170.703125
171.015625
173.343750
178.171875
172.218750
172.234375
173.734375
172.343750
169.968750
171.656250
172.296875
171.875000
172.500000
173.953125
171.171875
171.609375
172.078125
171.578125
171.296875
171.125000
171.031250
173.140625
172.781250
172.656250
175.328125
180.578125
171.734375
180.390625
171.375000
170.906250
170.546875
171.390625
170.187500
171.734375
171.843750
172.640625
172.093750
171.328125
174.531250
171.187500
171.250000
171.156250
171.140625
170.140625
171.640625
172.625000
168.937500
171.359375
172.140625
171.421875
171.781250
171.421875
171.375000
172.515625
171.375000
172.203125
171.093750
171.453125
169.609375
170.796875
171.406250
173.203125
175.765625
170.562500
169.453125
171.656250
170.453125
172.546875
171.687500
171.031250
171.406250
170.515625
170.453125
171.718750
172.375000
173.375000
173.328125
