1336.627615
1309.175732
1286.939331
1248.753138
1266.416318
1295.548117
1253.945607
1272.372385
1285.382845
1268.594142
995.815385
993.839560
983.030769
978.953846
975.325275
1001.703297
970.736264
999.274725
1019.830769
1078.934066
1211.046154
951.446154
983.395604
1025.325275
977.613187
966.292308
971.294505
975.098901
1004.202198
966.030769
993.006593
986.936264
996.914286
1004.793407
1019.019780
995.028571
1010.903297
1048.940659
1206.312849
1163.193669
1202.309125
1193.791434
1152.186220
1241.098696
1233.225326
1224.968343
1201.923650
1188.042831
1171.061453
1207.014898
1205.700186
1195.154562
1157.361266
1139.780261
1160.465549
1146.694600
1156.465549
1157.376164
1138.551210
1137.966480
1177.061453
1144.985102
1146.633147
1195.417722
1170.835443
1197.970464
1204.048523
1192.248945
1213.784810
1193.552743
1163.295359
1195.755274
1207.957806
1204.088608
1208.835443
1181.875527
1214.037975
1196.708861
1192.390295
1200.985232
1210.301688
1200.685654
1211.567511
1196.799578
1195.789030
1193.400844
1197.246835
1192.474684
1166.244726
1211.827004
1188.504219
1085.755605
1089.896861
1076.040359
1091.085202
1080.825112
1085.394619
1074.073991
1110.181614
1074.847534
