1527.173810
1203.654762
1189.026190
1145.342857
1185.671429
1193.395238
1168.140476
1165.197619
1176.883333
1187.264286
1171.830952
1161.173810
1171.809524
1184.538095
1176.261905
1177.828571
1184.626190
1151.116667
1248.123810
1160.202381
1187.802381
1212.745238
1182.914286
1157.673810
1155.959524
1146.526190
906.926509
910.220472
933.908136
929.656168
932.577428
927.939633
903.748031
938.658793
934.748031
965.480315
950.118110
931.986877
977.881890
1017.493438
977.110236
1055.062992
960.656168
983.876640
933.860892
960.695538
981.312336
958.711286
959.860892
990.031496
951.385827
948.191601
959.262467
933.708661
955.661417
938.034121
965.979003
941.322835
943.559055
1026.847826
1067.274457
1049.690217
1009.932065
1003.703804
1022.543478
1015.361413
1018.894022
1002.921196
991.668478
1009.508152
1030.084239
999.432065
996.399457
995.342391
1006.527174
997.820652
1031.032609
1025.706522
1006.372283
994.421196
989.282609
1053.902174
1024.035326
1025.603261
1006.432065
999.222826
1020.040761
1003.312500
1002.081522
985.567935
999.633152
999.692935
1012.358696
996.108696
1027.214674
958.884910
948.598465
960.442455
944.537084
956.890026
