425.573276
398.306034
371.706897
364.543103
372.206897
368.206897
359.250000
361.530172
364.784483
363.064655
362.172414
365.534483
385.073276
380.982759
365.870690
361.323276
368.241379
364.206897
364.448276
359.500000
362.642241
364.887931
361.021552
361.969828
367.314655
357.202586
364.767241
361.250000
362.120690
365.607759
372.577586
375.176724
361.952586
372.211207
401.788793
409.567010
424.515464
448.943299
438.067010
414.211340
468.793814
427.706186
412.283505
408.561856
398.891753
403.015464
423.567010
402.092784
398.195876
396.298969
393.324742
397.649485
413.350515
397.211340
421.288660
416.675258
395.747423
399.556701
395.067010
401.474227
408.097938
402.252577
397.180412
397.000000
413.247423
398.855670
427.237113
400.185567
414.670103
412.613402
402.453608
407.402062
426.840206
449.365979
448.685567
422.701031
421.778351
423.896907
415.860825
512.051546
416.309278
426.814433
422.695876
407.623711
408.845361
422.530928
419.268041
420.835052
435.340206
435.896907
420.969072
440.603093
427.407216
433.814433
408.556701
409.742268
410.541237
398.520619
445.719388
442.913265
