1826.800878
1735.815520
1722.414348
1696.693997
1763.448229
1790.277929
1753.667575
1783.257493
1752.119891
1776.034060
1770.614441
1806.816076
1854.688011
1829.455041
1743.866485
1796.103542
1741.681199
1774.971390
1759.108992
1741.061308
1791.314714
1809.284741
1792.536982
1843.838757
1841.522189
1864.708580
1831.742604
2351.087278
1791.110947
1833.566568
1860.291420
1822.326923
1783.656805
1794.699704
1827.451183
1822.693787
1760.025148
1746.099112
1757.784024
1785.318047
1726.436391
1496.343939
1519.990909
1528.671212
1523.450000
1514.633333
1492.396970
1508.883333
1499.792424
1490.334848
1509.119697
1507.851515
1485.374242
1531.183333
1494.071212
1496.066667
1526.087879
1522.110606
1517.786364
1514.415152
1504.686364
1430.117562
1474.252540
1493.767779
1471.235123
1475.539913
1433.493469
1495.497823
1455.191582
1514.968070
1440.222061
1494.937591
1479.159652
1480.529753
1477.516691
1428.809869
1457.467344
1471.910015
1468.574746
1472.725689
1437.204644
1829.225619
1833.969432
1831.406114
1833.375546
1812.349345
1833.273654
1836.152838
1804.692868
1841.681223
1827.132460
1813.895197
1808.248908
1821.438137
1834.337700
1823.816594
1776.622999
1811.039301
1834.082969
1821.167394
