2895.341808
2772.658192
2762.187853
2735.033898
2754.861582
2769.192090
2783.505650
2734.498588
2990.526555
3028.352049
3003.153263
3043.804249
3027.295903
3035.438543
3024.710167
3018.963581
3041.324734
3004.989378
2998.871017
3034.974203
3063.000000
2968.221548
3008.449165
3044.054628
3001.477997
3010.769347
3024.649469
3095.074355
3058.681335
3171.785816
3143.634043
3166.726241
3270.076596
3151.973050
3188.062411
3180.143262
3149.241135
3161.747518
3178.395745
3121.382979
3231.194326
3147.912057
3161.513475
3134.743262
3136.641135
3187.907801
3152.070922
3165.615603
2832.060224
2824.096639
2831.599440
2809.359944
2791.490196
2801.570028
2819.696078
2823.556022
2783.754902
2813.550420
2817.159664
2790.350140
2860.935574
2850.448179
2840.254902
2798.320728
2812.236695
2861.389356
2811.935574
3357.722461
3385.025751
3390.680973
3358.161660
3371.987124
3380.515021
3383.638054
3370.668097
3357.117310
3347.010014
3363.294707
3358.680973
3415.297568
3346.208870
3386.575107
3415.706724
3494.123033
3359.686695
3403.008584
3440.194564
3661.989870
3707.807525
3743.400868
3677.234443
3712.769899
3756.862518
3685.945007
3662.729378
3656.163531
3711.534009
3725.334298
3740.903039
3682.665702
