2968.623301
2780.434951
2723.522330
2678.836893
2670.732039
2762.304854
2657.021359
2705.671845
2698.106796
2692.464078
2700.819417
2687.027184
2569.885772
2568.843687
2570.749499
2588.777555
2569.759519
2613.192385
2579.066132
2570.450902
2581.819639
2569.366733
2553.921844
2568.641283
2575.705411
2579.863727
2588.308617
2553.248497
2557.601202
2589.114228
2570.985972
2594.911824
2582.631263
2563.000000
2569.619238
2548.789579
2566.174349
2587.446894
2581.144289
2630.343173
2678.321033
2638.642066
2670.370849
2652.881919
2639.869004
2634.136531
2631.998155
2614.824723
2650.669742
2674.156827
2623.204797
2704.448339
2600.330258
2713.416974
2623.247232
2685.230627
2635.738007
2631.047970
2600.169742
2646.164207
2630.036900
2600.769373
2610.839483
2717.265683
2821.625229
2805.775137
2799.137112
2830.351005
2835.146252
2837.585009
2812.413163
2786.837294
2840.469835
2914.628885
2800.597806
2795.199269
2835.334552
2801.815356
2807.820841
2840.663620
2840.058501
2803.414991
2787.140768
5589.424132
2807.946984
2842.394881
2838.972578
2834.923218
2507.166344
2534.622824
2523.251451
2523.441006
2517.183752
2520.713733
2519.046422
2509.646035
2557.591876
2510.930368
2557.206963
2534.044487
