979.891626
902.246305
901.985222
873.733990
862.315271
859.660099
860.965517
855.561576
887.807882
867.408867
846.492611
861.330049
841.733990
863.655172
859.625616
849.689655
879.418719
872.768473
863.339901
850.773399
849.206897
869.270936
860.507389
860.802956
856.162562
900.123153
856.866995
880.576355
874.123153
856.128079
858.000000
850.443350
868.133005
864.394089
847.034483
892.689655
845.935961
874.507389
861.921182
838.995074
992.514970
992.790419
974.700599
1001.473054
984.059880
994.514970
1000.017964
987.586826
1015.904192
1008.365269
989.065868
993.257485
981.922156
988.574850
995.407186
1004.023952
991.970060
992.011976
988.916168
991.736527
983.748503
998.071856
997.622754
991.802395
998.706587
994.143713
989.413174
992.065868
998.670659
991.556886
981.946108
982.778443
992.131737
990.353293
993.101796
988.185629
995.149701
967.215569
984.041916
991.401198
996.664671
988.526946
997.389222
994.107784
992.970060
983.670659
983.910180
994.497006
991.616766
988.646707
993.586826
1000.059880
990.604790
990.652695
990.047904
977.844311
994.946108
989.940120
985.185629
1001.449102
