440.137931
246.551724
232.086207
251.224138
242.241379
227.500000
274.758621
227.775862
227.431034
238.275862
229.758621
227.586207
231.758621
227.344828
232.844828
231.879310
261.137931
230.982759
229.362069
227.482759
228.051724
239.017241
226.603448
224.017241
229.568966
235.982759
221.965517
226.724138
226.758621
227.931034
229.965517
227.275862
227.793103
222.258621
227.293103
226.396552
224.431034
237.655172
232.362069
226.896552
233.017241
239.982759
227.500000
226.948276
246.913793
226.051724
226.948276
223.637931
227.448276
226.931034
227.362069
237.034483
226.741379
230.206897
228.224138
226.724138
226.362069
226.344828
226.103448
227.000000
230.465517
225.741379
222.965517
226.758621
228.103448
225.120690
231.431034
226.758621
227.258621
228.862069
226.741379
226.862069
233.517241
225.517241
275.714286
279.446429
272.196429
278.678571
275.285714
275.035714
275.375000
280.928571
275.678571
278.696429
275.017857
275.535714
270.321429
276.017857
274.571429
273.910714
272.928571
276.964286
274.821429
278.535714
275.803571
275.839286
275.589286
276.017857
274.839286
275.357143
