1597.721557
1614.574850
1493.577844
1511.595808
1509.697605
1480.724551
1474.374251
1510.470060
1483.302395
1511.044910
1480.832335
1491.482036
1481.485030
1479.488024
1468.598802
1479.598802
1476.760479
1482.985030
1478.868263
1487.173653
1480.416168
1489.002994
1482.886228
1491.880240
1469.925150
1494.751497
1468.751497
1502.802395
1483.338323
1474.182635
1699.122024
1714.032738
1701.071429
1702.324405
1706.005952
1729.869048
1717.258929
1721.529762
1726.285714
1720.946429
1689.574405
1704.452381
1709.985119
1702.788690
1706.300595
1709.473214
1717.494048
1733.255952
1727.583333
1720.836310
1730.880952
1710.639881
1719.080357
1718.625000
1712.416667
1714.479167
1727.872024
1732.086310
1709.904762
1701.461310
1732.095238
1716.937500
1712.607143
1705.223214
1710.092262
1717.845238
1711.116071
1723.342262
1713.982143
1847.229299
1821.076433
1839.178344
1849.369427
1837.121019
1839.133758
1858.898089
1865.353503
1851.614650
1845.703822
1870.605096
1904.108280
1844.391720
1836.926752
1821.662420
1834.168790
1843.863057
1853.945860
1856.423567
1831.191083
1832.968153
1820.853503
1850.888535
1837.060510
1834.716561
1839.442675
1835.353503
1824.436306
1844.493631
1855.136943
1851.601911
