1968.603960
1872.858911
1820.658416
1815.910891
1790.576733
1819.527228
1802.725248
1816.294554
1806.975248
1853.975248
1823.673267
1801.923267
1795.846535
1802.415842
1801.141089
1799.076733
1785.225248
1841.517327
1814.467822
1809.487624
1802.183168
1681.960836
1660.242820
1651.454308
1669.292428
1663.697128
1645.203655
1636.832898
1713.942559
1650.211488
1669.744125
1657.587467
1665.493473
1647.759791
1642.673629
1621.691906
1677.563969
1650.806789
1629.822454
1653.697128
1700.535248
1650.292428
1672.785901
1643.556136
1673.503916
1670.715405
1662.953003
1646.616188
1649.566580
1717.866841
1666.263708
1658.368146
1647.524804
1632.052219
1652.971279
1657.284595
1960.183463
1940.524548
1980.736434
1978.617571
1980.439276
1998.410853
2011.186047
1987.227390
1964.012920
2014.346253
1996.762274
1988.622739
1989.542636
2017.795866
1993.586563
1987.315245
1984.467700
1988.379845
1992.217054
1978.496124
1958.798450
1975.108527
1961.594315
1961.341085
1968.710594
2005.516796
2015.170543
1990.945736
1970.356589
2011.121447
1993.493540
1970.180879
1991.589147
1982.385013
1999.273902
1873.104545
1865.845455
1857.561364
1830.420455
1856.088636
1841.575000
1874.402273
1873.929545
1857.145455
