2238.897603
2110.058824
2066.919390
2054.666667
2054.960784
2039.135076
2100.876310
2172.140461
2144.876310
2112.740042
2111.155136
2120.756813
2119.689727
2138.071279
2120.844864
2112.153040
2111.096436
2144.949686
2120.536688
2114.134172
2127.960168
2130.333333
2119.522013
2104.930818
2167.360587
2115.484277
2102.926625
2103.044025
2134.566038
2142.540881
2134.366876
2106.318658
2112.083857
2125.528302
1974.743697
1964.651261
1970.964286
1976.544118
1974.418067
1968.663866
1965.184874
1981.172269
1952.306723
1959.067227
1963.273109
1992.485294
1970.640756
1997.947479
1983.701681
1961.707983
1977.292017
2000.067227
1954.462185
1937.974790
1959.037815
1946.310924
1983.813025
1983.052521
1940.016807
1961.237395
1979.203782
1933.176471
1962.754202
2254.481953
2220.791932
2300.110403
2230.501062
2240.154989
2235.014862
2260.547771
2251.420382
2241.607219
2255.575372
2274.515924
2216.267516
2230.131635
2238.942675
2247.991507
2233.598726
2238.917197
2282.182590
2252.433121
2250.694268
2229.494692
2264.276008
2238.602972
2231.099788
2235.254777
2256.403397
2252.707006
2240.127389
2550.059448
2549.439490
2521.135881
2528.309979
2563.653928
2508.630573
2515.768577
2527.683652
2521.299363
