3535.163666
3277.986907
3267.970540
3252.211129
2843.283654
2824.498397
2780.044872
2774.875000
2805.088141
2771.035256
2812.572115
2809.967949
2831.209936
2778.403846
2788.778846
2775.588141
2765.870192
2794.137821
2795.062500
2778.833333
2822.419872
2804.661859
2729.181090
2857.084936
2852.293269
2514.612847
2565.666667
2538.993056
2500.654514
2548.251736
2549.277778
2500.769097
2507.272569
2546.522569
2540.048611
2548.432292
2535.873264
2547.623264
2521.852431
2543.180556
2527.013889
2585.338542
2509.552083
2553.680556
2537.550347
2543.401042
2518.734375
2528.475694
2577.911458
2557.723975
2539.823344
2535.837539
2545.777603
2516.722397
2543.728707
2481.981073
2533.017350
2570.545741
2545.214511
2540.130915
2558.832808
2543.780757
2516.946372
2560.149842
2537.869085
2513.654574
2580.993691
2550.310726
2529.039432
2525.858044
2517.643533
3074.434938
2985.985740
3056.336898
3013.983957
2984.725490
2982.639929
2977.368984
3022.267380
3022.201426
2983.896613
2995.215686
2995.518717
3007.654189
3009.042781
3064.493761
2996.393939
3018.759358
2985.229947
3027.575758
2995.395722
2990.206774
2986.877005
2995.409982
3000.399287
2924.676800
2884.680000
2916.676800
2887.088000
2894.849600
