955.796813
902.968127
927.972112
885.940239
881.505976
864.087649
1132.562724
1140.978495
1102.476703
1099.745520
1124.584229
1111.698925
1111.487455
1117.197133
1113.781362
1099.225806
1113.301075
1129.856631
1092.903226
1121.906810
1116.645161
1111.706093
1112.573477
1104.297491
1115.397849
1129.218638
1129.164875
1107.293907
1101.860215
1097.318996
1117.498208
1117.096774
1100.218638
1101.752688
1107.856631
1092.802867
1085.483871
1100.379928
1122.225806
1109.003584
1116.050179
1141.254480
1104.544803
1103.032258
1119.942652
1154.060932
1123.426523
1101.817204
1090.071685
1119.225806
1112.401434
1123.985663
1111.931900
1301.395918
1303.420408
1311.028571
1288.220408
1295.187755
1270.440816
1334.706122
1312.093878
1292.567347
1313.277551
1305.600000
1288.036735
1294.330612
1302.273469
1288.587755
1325.751020
1278.057143
1299.297959
1279.636735
1291.734694
1326.212245
1327.922449
1296.522449
1315.371429
1320.146939
1296.832653
1302.951020
1317.118367
1328.804082
1314.726531
1339.412245
1324.428571
1314.710204
1288.036735
1295.730612
1304.657143
1298.208163
1310.371429
1304.073469
1284.363265
1308.040816
1301.983673
1308.432653
1292.265306
1296.942857
1300.702041
1317.346939
