643.433566
616.769231
613.426573
567.713287
569.195804
592.587413
567.993007
566.314685
566.321678
571.825175
566.524476
585.888112
581.202797
563.923077
561.132867
567.979021
562.265734
565.160839
564.496503
564.979021
563.104895
572.930070
565.986014
558.825175
564.027972
567.804196
561.202797
562.790210
562.188811
592.790210
561.041958
565.020979
563.545455
564.202797
561.447552
561.027972
560.013986
564.048951
563.013986
557.300699
576.454545
563.279720
574.720280
559.349650
562.720280
569.300699
563.391608
568.076923
563.524476
565.384615
563.573427
559.230769
584.643357
563.573427
561.797203
559.538462
567.000000
564.930070
576.692308
566.643357
563.307692
564.083916
560.272727
571.748252
564.622378
569.615385
586.699301
563.601399
611.475524
579.258741
568.083916
561.818182
564.951049
567.664336
566.825175
567.300699
565.923077
559.468531
565.125874
569.895105
560.699301
602.782313
603.183673
602.829932
606.244898
607.442177
602.244898
600.346939
603.714286
642.013605
607.863946
610.768707
600.816327
598.625850
603.326531
597.938776
596.734694
604.217687
602.639456
603.170068
