2808.308789
2491.536817
2423.558195
2485.491686
2413.850356
2404.292162
1716.776765
1797.578588
1760.186788
1736.396355
1738.792711
1728.712984
1757.113895
1725.863326
1719.881549
1751.179954
1769.077449
1704.027335
1719.824601
1736.537585
1749.612756
1829.728929
1833.952164
1722.585421
1724.189066
1682.674260
1743.767654
1742.911162
1704.774487
1719.052392
1727.437358
1743.200456
1761.519362
1746.970387
1744.507973
1808.234624
2182.686275
2102.473039
2171.301471
2099.441176
2047.688725
2019.803922
2111.406863
2041.593137
2042.071078
2009.686275
2032.174020
2098.710784
2049.911765
2069.539216
2013.129902
2045.267157
2055.620098
2102.098039
2076.144608
2095.843137
2006.443627
2123.056373
2052.732843
2025.026961
1968.144608
2037.892157
1953.752451
2032.460784
1965.073529
2004.549020
2017.338235
2024.566176
2007.639269
2033.447489
2027.264840
2064.735160
2016.851598
1992.586758
1972.139269
2054.885845
1999.214612
2062.858447
2018.780822
2091.778539
2007.689498
2036.178082
2010.748858
2021.922374
2079.251142
2039.004566
2035.070776
1969.947489
1994.200913
2030.691781
2111.506849
2043.041096
2025.924658
2049.116438
1978.495434
2005.006849
1960.139269
2005.162100
1627.414439
1628.347594
