1514.814570
1219.142384
1189.920530
1167.668874
1173.082781
1159.175497
1177.185430
1161.400662
1171.380795
1170.271523
1157.450331
1190.241722
1173.192053
1172.198675
1166.761589
1168.400662
1135.897351
1179.817881
1195.513245
1295.018657
1276.089552
1307.805970
1306.085821
1303.869403
1271.011194
1304.052239
1298.578358
1347.067164
1331.630597
1325.309701
1341.861940
1374.981343
1384.235075
1305.104478
1289.212687
1271.727612
1304.611940
1318.966418
1299.888060
1308.167910
1282.451493
1348.764925
1318.608209
1296.884328
1311.175373
1316.570896
1291.074627
1361.727612
1295.029851
1313.798507
1295.652985
1376.085821
1351.652985
1328.682836
1357.638060
1381.175373
1350.921642
1340.402985
1368.138060
1333.003731
1340.473881
1364.361940
1320.283582
1335.018657
1311.231343
1359.115672
1302.427451
1349.878431
1316.054902
1380.368627
1327.694118
1332.058824
1309.941176
1305.917647
1272.380392
1328.392157
1313.654902
1323.435294
1302.007843
1313.972549
1301.815686
1331.592157
1330.070588
1314.698039
1336.364706
1338.529412
1339.584314
1308.737255
1302.960784
1310.278431
1283.654902
1305.219608
1257.035294
1314.960784
1268.964706
1309.694118
1294.568627
1255.878431
1339.956863
1322.094118
