3836.744463
3575.054514
3510.962521
3448.371380
3531.098807
3458.427885
3326.600962
3321.485577
3320.083333
3318.698718
3284.096154
3298.807692
3334.455128
3461.025641
3496.798077
3376.695513
3419.259615
3355.570513
3377.366987
3307.152244
3300.892628
3261.615385
3393.190705
3352.685897
3350.607372
3356.937500
3127.650086
3191.680961
3255.795883
3193.339623
3200.526587
3151.564322
3222.799314
3201.423671
3180.392796
3191.586621
3177.644940
3174.094340
3154.571184
3175.089194
3258.451115
3172.521441
3092.746141
3152.077187
3084.487136
3071.296741
3066.698113
3102.060034
3318.808970
3196.913621
3227.569767
3180.458472
3264.553156
3195.232558
3255.187708
3241.450166
3235.556478
3149.622924
3228.696013
3207.186047
3258.586379
3198.202658
3277.094684
3279.413621
3183.848837
3153.254153
3260.503322
3153.634551
3308.689369
3231.730897
3287.047078
3182.814935
3280.599026
3259.949675
3260.365260
3249.858766
3223.275974
3234.491883
3294.748377
3307.243506
3319.186688
3357.027597
3343.685065
3251.821429
3306.029221
3329.896104
3310.891234
3279.935065
3329.652597
3263.219156
3220.212662
3312.590909
3387.293040
3495.461538
3398.747253
3497.412088
3397.155678
3416.382784
3348.212454
3456.318681
