365.246377
356.231884
319.043478
320.405797
346.623188
325.260870
327.434783
323.753623
315.724638
337.666667
318.550725
317.623188
327.275362
319.449275
322.492754
319.144928
333.579710
323.463768
323.608696
327.072464
344.898551
321.811594
319.449275
319.594203
340.536232
321.594203
318.942029
320.275362
320.043478
322.362319
321.000000
320.768116
318.869565
319.333333
323.376812
319.884058
319.681159
319.347826
321.318841
320.405797
317.782609
351.347826
331.666667
324.550725
323.869565
338.768116
321.666667
319.449275
326.971014
318.521739
324.507246
318.420290
320.434783
320.115942
316.318841
324.666667
322.985507
321.463768
325.507246
319.507246
314.913043
322.536232
318.188406
319.072464
319.623188
323.739130
319.550725
320.101449
317.768116
319.449275
323.333333
319.130435
319.260870
319.507246
320.347826
317.202899
319.159420
319.304348
321.434783
318.753623
322.507246
323.405797
319.753623
320.275362
320.956522
321.695652
322.202899
321.521739
325.000000
322.884058
321.913043
319.898551
319.550725
322.260870
322.536232
319.173913
325.304348
329.985507
322.739130
328.231884
