2403.416335
2349.400398
2295.762948
2201.388446
2279.627490
2260.390438
2258.304781
2201.587649
2193.207171
2248.372510
2210.691235
2241.486056
2282.562249
2299.586345
2266.702811
2311.022088
2453.656627
2325.518072
2382.363454
2307.612450
2247.530120
2271.098394
2360.893574
2310.632530
2333.122490
2320.981928
2284.387550
2310.807229
2364.891566
2378.355422
2346.568273
2365.815261
2315.979920
2347.279116
2396.720884
2458.090361
2342.813253
2356.506024
2401.628635
2386.272931
2317.693512
2541.937360
2504.369128
2469.465324
2444.055928
2410.480984
2391.178971
2437.823266
2409.176734
2368.865772
2361.608501
2314.436242
2327.633110
2332.058166
2335.574944
2335.248322
2297.069351
2373.326622
2316.315436
2285.006711
2290.988814
2369.454139
2365.923937
2340.378076
2357.176734
2326.633110
2398.259508
2603.228111
2685.370968
2650.417051
2639.670507
2612.202765
2589.993088
2581.672811
2590.603687
2619.847926
2697.327189
2665.428571
2714.850230
2812.000000
2636.460829
2685.377880
2731.610599
2666.447005
2593.239631
2623.705069
2594.612903
2619.324885
2660.387097
2638.919355
2669.380184
2675.066820
2698.308756
2655.767281
2688.013825
2604.152074
2665.785714
2643.995392
2386.074227
2385.171134
