1364.000000
1021.904762
1015.222222
1068.042328
1009.767196
1017.629630
1000.502646
1001.629630
1013.497354
995.195767
993.772487
1004.328042
1034.100529
1043.037037
1007.666667
996.206349
997.074074
995.645503
990.349206
995.275132
1004.878307
1034.042328
1033.158730
1053.650794
1002.359788
975.460317
995.084656
1045.798942
983.814815
1035.158730
1003.968254
989.164021
988.544974
993.957672
1002.693122
1002.439153
986.798942
999.417989
995.624339
1057.746032
997.878307
1084.656085
1026.412698
1037.444444
1040.978836
1032.518519
1017.809524
1026.814815
1018.523810
1027.629630
1002.296296
997.534392
990.724868
1000.894180
995.703704
969.052910
994.370370
1065.396825
1010.878307
865.389610
846.727273
843.489177
852.160173
844.709957
851.900433
848.662338
868.025974
863.831169
837.640693
832.246753
835.203463
875.285714
904.653680
891.870130
897.510823
884.744589
891.281385
893.108225
879.649351
887.432900
916.956710
898.264069
912.155844
842.805195
868.428571
902.948052
882.593074
904.632035
874.991342
887.168831
911.350649
916.077922
871.008658
858.722944
873.943723
880.852814
863.285714
886.064935
906.411255
895.051948
