2938.696429
2892.925000
2713.600000
2778.403571
2765.191071
2789.055357
2772.860714
2780.137500
2749.628571
2759.364286
2716.733929
2740.737500
2703.294643
2731.392857
2818.525000
2838.469643
2955.983929
2772.196429
2776.394643
2793.292857
2738.537500
2768.891071
2740.073214
3001.787276
2924.982107
2904.735586
3005.005964
3137.326044
2977.735586
3090.934394
2976.163022
2996.445328
3037.463221
3179.341948
3061.250497
3075.958250
3181.757455
3049.296223
3105.445328
3019.650099
3202.045726
3008.664016
3013.005964
3055.240557
3010.610338
3066.465209
3046.781312
2963.349901
2922.825853
2850.502693
2754.222621
2898.488330
2784.037702
2859.624776
2879.371634
2837.131059
2818.716338
2763.619390
2852.407540
2847.427289
2831.111311
2853.337522
2902.736086
2858.475763
2799.441652
2794.942549
2826.554758
2787.511670
2883.786355
2923.499102
2757.398564
2859.403950
2651.166990
2716.704854
2619.052427
2653.763107
2672.673786
2648.658252
2592.366990
2602.165049
2661.440777
2662.961165
2659.067961
2662.128155
2663.976699
2639.522330
2658.642718
2646.867961
2627.722330
2666.166990
2681.607767
2599.264078
2642.518447
2678.087379
2639.143689
2626.126214
2615.559223
2642.454369
2765.857143
2707.465677
