3704.698347
3551.074380
3592.362259
3504.647383
3529.457300
3546.491736
3540.214876
3505.878788
3520.363636
3526.056474
3537.410468
3664.128099
3768.500000
3352.107345
3216.963277
3270.974576
3190.562147
3343.197740
3310.473164
3276.840395
3327.781073
3413.562147
3379.015537
3478.117232
3378.611582
3494.190678
3412.651130
3358.838983
3260.485876
3406.231638
4963.685028
3763.946319
3577.038344
3625.947853
3722.193252
3459.101227
3570.779141
3586.380368
3472.904908
3466.234663
3534.292945
3492.651840
3485.070552
3588.441718
3521.277607
3548.944785
3427.575153
3564.604294
3575.730061
3533.303681
3525.924847
3336.218003
3335.970464
3301.696203
3300.780591
3288.452883
3296.779184
3268.909986
3375.753868
3273.315049
3263.047820
3371.236287
3343.230661
3285.047820
3307.507736
3272.209564
3264.192686
3299.400844
3255.367089
3336.762307
3511.334380
3446.409733
3475.478807
3486.675039
3549.850863
3490.891680
3385.397174
3416.356358
3577.153846
3725.605965
3562.996860
3516.006279
3525.598116
3542.640502
3687.453689
3663.629513
3642.277865
3795.667190
3545.075353
3497.919937
3626.193687
3640.969871
3576.000000
3610.949785
3590.604017
3774.611191
4130.487805
3868.160689
3766.563845
