571.625000
524.241667
556.408333
505.066667
503.800000
522.791667
490.125000
493.641667
491.291667
522.550000
571.825301
568.096386
564.530120
568.614458
562.674699
574.301205
567.861446
578.975904
594.355422
568.662651
570.475904
567.915663
569.819277
569.819277
567.975904
567.421687
568.493976
563.481928
568.427711
567.144578
577.120482
570.475904
568.644578
568.590361
580.608434
570.066265
564.475904
566.373494
562.506024
564.078313
570.331325
565.819277
565.463855
566.313253
570.759036
562.150602
568.210843
564.439759
610.475904
595.759036
599.475904
583.168675
585.734940
609.656627
626.246988
617.921687
582.746988
576.632530
579.789157
619.734940
570.403614
568.391566
568.259036
594.746988
572.692771
561.367470
570.216867
559.789157
583.710843
563.945783
565.819277
571.120482
564.981928
567.746988
571.403614
567.222892
570.313253
580.512048
568.042169
566.108434
563.259036
585.445783
571.222892
570.271084
566.518072
567.331325
567.301205
566.108434
640.246988
652.178295
605.317829
640.759690
666.217054
628.201550
615.232558
643.751938
625.519380
617.821705
626.581395
639.007752
