1647.542763
1282.194079
1277.042763
1277.845395
1289.585526
1300.407895
1265.384868
1241.927632
1272.463816
1311.467105
1287.434211
1341.546053
1306.095395
1307.740132
1332.286184
1285.898026
1308.184211
1314.062500
1307.894737
1278.259868
1285.407895
1277.917763
1278.105263
1920.565350
1900.753799
2013.437690
1882.209726
1944.866261
1996.127660
1913.568389
1914.218845
1924.030395
1899.173252
1890.006079
1899.565350
1912.468085
1948.130699
1875.878419
1922.592705
1933.197568
1828.987842
1884.562310
1890.325228
1894.881459
1887.586626
1920.054711
1950.121581
1942.541033
2018.720365
1968.927052
1927.155015
2015.708207
1917.972644
1934.930091
1988.866261
1931.714286
1920.936170
2013.756839
1960.914894
1913.091185
1946.167173
1939.382979
1835.113095
1833.880952
1876.026786
1834.029762
1829.949405
1841.857143
1827.148810
1836.360119
1889.752976
1811.711310
1824.776786
1872.526786
1839.943452
1835.068452
1763.636905
1768.187500
1781.571429
1792.994048
1789.860119
1848.193452
1788.464286
1777.214286
1754.360119
1814.494048
1853.818452
1801.863095
1797.181548
1808.913690
1782.232143
1803.880952
1803.348214
1813.000000
1786.767857
1815.380952
1841.752976
1821.776786
1810.184524
1814.255952
