295.396825
254.904762
245.142857
239.079365
244.650794
238.174603
244.507937
235.809524
504.015873
266.365079
244.253968
237.825397
239.444444
239.142857
233.174603
238.015873
237.761905
235.666667
244.126984
236.809524
240.396825
241.603175
238.507937
238.857143
237.603175
243.269841
239.507937
238.555556
239.761905
238.619048
241.476190
249.634921
263.111111
239.190476
241.158730
238.952381
238.047619
237.666667
230.809524
242.301587
240.523810
238.142857
236.809524
232.730159
237.793651
237.904762
236.666667
238.063492
240.142857
246.730159
237.809524
239.206349
238.365079
238.015873
242.190476
237.634921
239.349206
238.904762
238.222222
244.634921
239.285714
236.222222
239.174603
239.285714
240.777778
242.333333
239.380952
234.666667
240.142857
236.539683
237.984127
237.349206
237.777778
241.460317
242.079365
238.222222
238.746032
251.634921
236.492063
238.126984
241.253968
248.777778
244.904762
238.253968
238.412698
237.698413
238.301587
238.682540
236.460317
234.777778
238.730159
238.698413
238.412698
238.222222
237.365079
239.317460
237.492063
237.857143
237.730159
236.238095
