993.742857
902.704762
925.409524
938.266667
910.109524
885.876190
874.585714
859.380952
924.266667
888.109524
902.990476
887.566667
882.009524
884.042857
885.476190
887.061905
869.471429
883.419048
869.533333
875.614286
862.419048
916.657143
879.680952
917.990476
880.195238
872.409524
887.942857
876.500000
864.290476
878.747619
886.604762
877.657143
884.404762
891.076190
901.795238
886.880952
923.123810
921.319048
971.628571
940.828571
896.295238
883.457143
894.047619
904.052381
890.542857
882.076190
882.219048
882.419048
884.242857
875.619048
889.823810
882.242857
899.342857
881.419048
1088.699454
1084.907104
1121.934426
1196.060109
1110.180328
1098.721311
1081.448087
1078.398907
1088.475410
1089.415301
1134.879781
1103.819672
1079.519126
1090.054645
1112.693989
1090.338798
1087.606557
1125.508197
1089.754098
1082.098361
1091.245902
1079.513661
1085.546448
1159.289617
1120.355191
1098.846995
1071.174863
1102.732240
1087.797814
1091.049180
1080.131148
1107.983607
1101.928962
1073.234973
1086.005464
1130.945355
1099.885246
1087.180328
1084.743169
1087.857923
1077.743169
1086.535519
1093.978142
1080.098361
1127.098361
1099.896175
