1756.436533
1727.386997
1675.904025
1636.504644
1687.117647
1663.501548
1650.235294
1641.133127
1651.294118
1644.569659
1630.640867
1627.393189
1644.123839
1688.959752
1720.634675
1635.504644
1647.427245
1649.842105
1630.591331
1636.622291
1642.959752
1657.786378
1658.417957
1670.842105
1662.978328
1646.421053
1753.199422
1667.132948
1726.835260
1705.927746
1691.942197
1706.777457
1754.468208
1685.815029
1690.962428
1726.199422
1692.395954
1719.988439
1698.147399
1694.823699
1672.017341
1672.176301
1696.271676
1779.387283
1671.684971
1707.416185
1671.031792
1679.393064
1701.800578
1717.702312
1713.557803
1686.026012
1725.026012
1716.878613
1718.135838
1716.864162
1678.075145
1684.731214
1693.020231
1694.390173
1695.040462
1720.358382
1670.060694
1689.141618
1521.113497
1547.754601
1493.607362
1514.122699
1511.846626
1536.088957
1493.015337
1527.533742
1522.389571
1520.346626
1502.782209
1491.625767
1517.070552
1521.006135
1532.527607
1503.579755
1531.953988
1554.840491
1513.113497
1508.414110
1538.963190
1493.101227
1545.601227
1524.082822
1537.883436
1543.263804
1526.733129
1536.322086
1482.819018
1529.426380
1539.254601
1503.144172
1518.432515
1512.291411
1515.282209
1527.665644
