1611.091228
1226.214035
1241.414035
1236.333333
1231.273684
1252.449123
1243.901754
1255.810526
1243.687719
1255.066667
1207.968421
1252.108772
1237.803509
1240.473684
1226.235088
1248.108772
1227.733333
1211.761404
1249.810526
1102.000000
1105.469231
1082.438462
1087.988462
1129.880769
1108.500000
1103.961538
1084.080769
1117.146154
1119.261538
1088.265385
1071.826923
1119.400000
1084.303846
1080.230769
1092.061538
1093.792308
1079.507692
1091.619231
1098.550000
1088.492308
1086.650000
1088.553846
1087.130769
1088.200000
1108.007692
1088.611538
1087.861538
1093.526923
1090.253846
1086.184615
1102.500000
1092.534615
1094.903846
1081.319231
1082.365385
1088.646154
1091.723077
1088.073077
1070.303846
1103.853846
1097.280769
1082.896154
1098.457692
1066.076923
1112.607692
1097.065385
1085.850000
1080.057692
1086.584615
1103.373077
1284.920949
1288.873518
1292.205534
1261.652174
1272.462451
1265.652174
1271.185771
1276.707510
1314.027668
1264.944664
1270.897233
1285.802372
1291.478261
1302.743083
1287.177866
1288.707510
1272.703557
1288.873518
1290.276680
1290.079051
1277.964427
1286.667984
1298.980237
1269.209486
1261.533597
1280.363636
1277.573123
1282.284585
1303.000000
1274.442688
