3276.383191
3115.111111
3064.274929
3128.250712
3105.145299
3010.837607
3034.273504
3031.205128
3049.656695
3053.065527
3015.883191
3159.428775
3071.378917
2986.670940
3050.408832
2983.529915
2936.981105
3069.972384
3016.065407
3023.783430
3013.268895
3016.619186
2962.379360
2982.260174
3011.781977
3024.584302
2998.957849
2976.816860
3067.052326
3022.385174
3142.172965
2994.938953
2995.395349
3087.800872
3018.838663
3050.187500
2930.611533
2927.473445
2914.169954
2906.596358
2909.658574
2902.751138
2908.922610
2913.232170
2879.213961
2921.717754
2910.336874
2885.755690
2932.128983
2932.995448
2900.426404
2899.544765
2883.039454
2931.397572
2864.021244
2925.652504
3225.745427
3237.801829
3221.300305
3269.879573
3243.208841
3248.920732
3220.527439
3211.384146
3215.804878
3275.759146
3243.815549
3269.739329
3216.507622
3219.015244
3266.711890
3247.234756
3222.245427
3282.672256
3192.806402
3300.591463
3275.849085
3185.449527
3135.523659
3199.026814
3100.533123
3192.714511
3122.447950
3174.884858
3149.541009
3198.173502
3150.998423
3128.099369
3159.192429
3160.829653
3167.373817
3170.954259
3191.662461
3157.649842
3128.167192
3141.646688
3112.239748
3122.107256
3217.866667
3275.754545
