2637.705051
2585.046465
2487.434343
2505.022222
2499.478788
2479.377778
2483.133333
2493.836364
2507.842424
2485.264646
2447.840404
2465.644444
2500.094949
2496.838384
2470.054545
2511.925253
2504.474480
2496.860113
2530.109641
2452.270321
2410.735350
2457.139887
2470.727788
2400.563327
2398.368620
2368.238185
2425.701323
2416.051040
2441.328922
2415.408318
2429.406427
2402.017013
2406.092628
2445.111531
2428.468809
2369.234405
2415.219282
2423.485822
2405.943289
2502.037807
2438.187146
2370.824687
2385.500894
2359.533095
2334.924866
2374.699463
2369.844365
2368.737030
2347.577818
2384.271914
2364.878354
2351.388193
2352.656530
2328.749553
2373.511628
2364.459750
2371.749553
2394.381038
2363.270125
2320.159213
2435.196780
2365.967800
2374.516995
2352.255814
2369.606440
2283.705467
2256.440917
2239.918871
2277.652557
2296.172840
2316.105820
2273.962963
2253.252205
2284.938272
2264.516755
2260.994709
2254.350970
2246.499118
2296.790123
2253.619048
2271.486772
2293.040564
2278.698413
2258.724868
2317.779541
2282.299824
2229.121693
2297.864198
2277.246914
2212.180357
2167.500000
2179.664286
2200.150000
2189.657143
2197.348214
2179.637500
2169.660714
2223.126786
2194.812500
2186.917857
