1855.023109
2082.518908
2052.796218
2061.554622
2051.189076
2041.287815
2050.794118
2030.978992
2066.581933
2039.006303
2042.478992
2042.071429
2067.113445
2027.682773
2048.023109
2046.621849
2048.901261
2088.336134
2054.949580
2042.785714
2058.470588
2036.439076
1986.768908
2048.876050
2056.722689
2044.069328
2062.422269
2032.271008
2132.338235
2200.654506
2258.278970
2211.291845
2260.021459
2209.296137
2247.849785
2236.856223
2256.605150
2219.478541
2199.875536
2230.399142
2283.847639
2276.098712
2193.394850
2246.072961
2252.530043
2267.800429
2230.772532
2245.274678
2259.877682
2247.216738
2244.605150
2267.229614
2225.847639
2240.545064
2254.536481
2242.266094
2250.023605
2302.034884
2295.872093
2269.539535
2322.430233
2349.325581
2331.674419
2261.313953
2306.937209
2291.767442
2320.811628
2319.232558
2262.320930
2277.160465
2264.383721
2296.744186
2321.583721
2280.946512
2291.646512
2261.751163
2350.134884
2310.690698
2309.630233
2278.283721
2268.153488
2351.600000
2324.137209
2322.783721
2279.732558
2304.872093
2319.093023
2294.186047
2412.781737
2378.387528
2403.142539
2387.610245
2378.178174
2372.523385
2390.111359
2351.329621
2362.106904
2414.102450
2429.982183
2355.576837
