403.986755
384.476821
358.960265
366.602649
408.284768
387.569536
375.682119
365.933775
365.450331
360.298013
359.549669
361.304636
364.410596
360.887417
365.211921
368.754967
366.344371
363.960265
363.622517
363.549669
364.615894
360.701987
365.675497
361.894040
360.576159
361.701987
361.807947
364.410596
358.682119
363.668874
361.562914
361.562914
364.145695
362.377483
361.827815
385.834437
362.887417
364.695364
362.814570
363.152318
362.562914
360.185430
362.966887
362.582781
372.125828
368.589404
369.993377
365.304636
361.377483
381.569536
403.211921
370.463576
388.516556
375.119205
359.543046
368.549669
408.046358
370.298013
364.867550
403.933775
377.218543
384.337748
360.754967
358.900662
366.198675
362.317881
361.125828
361.569536
359.966887
361.370861
363.774834
368.629139
362.940397
364.350993
361.443709
359.953642
458.564885
449.992366
462.435115
459.282443
456.427481
456.839695
451.977099
456.793893
458.244275
462.946565
461.732824
455.129771
453.206107
457.709924
460.694656
454.129771
477.564885
455.122137
456.580153
455.755725
455.274809
459.938931
460.022901
454.916031
