3208.026316
3095.898026
3054.235197
3032.149671
3026.878289
3042.376645
3023.674342
3062.016447
3007.896382
2943.122378
2970.003497
2933.437063
2942.825175
3016.388112
2984.788462
2952.019231
2898.825175
2909.797203
2993.755245
2975.727273
2983.762238
2969.071678
2963.337413
2975.669580
2935.610140
2875.930070
2923.798951
2905.157343
2947.082168
2982.277972
2930.073427
2936.141608
2756.153713
2856.329879
2774.241796
2794.525043
2752.713299
2774.571675
2799.569948
2750.200345
2833.017271
2801.328152
2779.614853
2790.164076
2771.946459
2817.654577
2816.929188
2766.595855
2794.664940
2798.528497
2797.975820
2798.094991
2763.485320
2791.419689
2795.506045
2439.535885
2419.103668
2436.995215
2408.524721
2409.867624
2462.893142
2436.545455
2413.977671
2412.840510
2419.937799
2416.208931
2425.183413
2440.578947
2381.759171
2418.763955
2398.980861
2478.518341
2451.853270
2401.822967
2420.891547
2454.872408
2416.902711
2660.323129
2732.500000
2644.282313
2689.613946
2660.862245
2687.981293
2652.350340
2674.685374
2675.729592
2696.654762
2682.755102
2686.848639
2650.437075
2666.807823
2612.729592
2688.200680
2659.532313
2619.984694
2661.600340
2689.460884
2664.185374
2687.445578
2690.554422
