1864.700495
1671.571782
1648.396040
1393.597468
1411.075949
1394.377215
1364.911392
1390.868354
1383.058228
1396.240506
1373.891139
1376.179747
1394.822785
1389.359494
1377.194937
1365.397468
1393.860759
1378.979747
1400.372152
1392.483544
1408.389873
1409.696203
1397.111392
1395.982278
1380.035443
1382.040506
1383.334177
1368.972152
1402.405063
1401.513924
1380.903797
1387.554430
1384.475949
1374.837975
1386.321519
1364.731646
1502.944149
1510.734043
1489.968085
1526.640957
1556.409574
1521.949468
1513.635638
1504.055851
1526.000000
1505.375000
1513.752660
1527.819149
1495.965426
1594.734043
1514.614362
1551.851064
1519.279255
1516.587766
1513.295213
1520.138298
1522.119681
1515.066489
1540.643617
1514.484043
1525.829787
1541.768617
1528.667553
1505.369681
1590.462766
1515.218085
1544.465426
1518.420213
1521.500000
1555.319149
1490.055851
1470.380319
1581.651972
1577.705336
1569.280742
1565.088167
1587.000000
1599.740139
1569.220418
1544.245940
1556.951276
1579.155452
1583.062645
1569.893271
1598.953596
1577.477958
1577.582367
1584.055684
1581.368910
1595.807425
1565.345708
1566.139211
1597.220418
1562.067285
1579.997680
1584.361949
1574.624130
1565.085847
1572.000000
1602.266821
