1505.368421
1487.759398
1416.150376
1423.003759
1413.221805
1444.906015
1431.748120
1429.921053
1398.650376
1407.101504
1401.838346
1440.432331
1411.067669
1418.026316
1421.394737
1418.285714
1404.763158
1406.872180
1422.421053
1409.533835
1414.274436
1403.616541
1396.406015
1452.015038
1411.172932
1414.541353
1399.394737
1411.973684
1464.131579
1447.845865
1410.796992
1498.785714
1452.203008
1431.819549
1439.473684
1483.184211
823.338462
835.957692
829.638462
850.680769
852.876923
835.465385
836.150000
831.580769
826.403846
827.146154
831.653846
822.603846
836.607692
834.984615
834.519231
845.019231
816.576923
814.969231
871.676923
857.461538
857.503846
866.953846
879.403846
887.592308
901.784615
888.069231
849.223077
878.200000
853.650000
868.834615
838.519231
862.907692
898.238462
853.169231
837.169231
855.061538
885.480769
854.288462
884.903846
926.934615
874.053846
867.653846
852.230769
871.973077
848.611538
839.223077
845.534615
858.976923
860.815385
1188.883534
1185.461847
1170.803213
1224.321285
1186.742972
1159.759036
1171.522088
1174.947791
1168.702811
1154.457831
1148.730924
1175.164659
1130.128514
1138.257028
1138.168675
