324.506849
205.931507
203.493151
237.000000
206.547945
214.164384
209.520548
205.328767
208.041096
205.342466
204.397260
209.109589
204.369863
205.438356
205.191781
204.753425
206.712329
211.095890
206.698630
204.589041
205.219178
207.986301
205.534247
205.438356
205.205479
205.616438
204.986301
212.698630
206.972603
205.383562
203.671233
206.150685
206.739726
213.041096
209.356164
215.589041
205.630137
206.191781
205.328767
202.780822
206.986301
204.917808
204.767123
207.013699
207.027397
201.109589
203.821918
207.205479
204.821918
207.178082
204.438356
205.972603
205.520548
205.027397
206.054795
205.630137
205.123288
209.424658
203.794521
205.547945
205.616438
203.602740
208.150685
204.164384
208.232877
204.794521
205.561644
203.287671
205.013699
202.643836
205.493151
205.219178
207.657534
205.424658
205.465753
204.095890
205.082192
205.630137
205.068493
206.917808
206.205479
206.547945
205.780822
205.712329
208.917808
208.712329
208.698630
208.068493
203.945205
207.479452
204.561644
205.616438
203.972603
214.205479
205.136986
209.657534
210.068493
224.671233
212.972603
206.232877
