758.723577
653.317073
625.341463
691.682927
635.211382
621.284553
632.260163
639.186992
634.113821
616.837398
617.365854
618.040650
613.235772
617.715447
616.756098
621.699187
618.845528
617.699187
626.162602
698.496503
689.566434
687.111888
707.167832
685.160839
687.090909
690.853147
689.069930
711.902098
685.860140
692.797203
723.790210
702.328671
694.699301
687.475524
690.993007
727.769231
691.594406
689.601399
715.496503
694.972028
689.615385
732.405594
693.237762
719.587413
689.888112
692.706294
695.657343
689.909091
689.419580
695.447552
691.335664
686.776224
688.692308
688.825175
765.209790
692.062937
732.251748
711.391608
704.629371
693.685315
692.986014
691.517483
691.377622
695.426573
702.020979
685.146853
688.650350
685.937063
691.027972
695.573427
692.930070
693.132867
711.790210
690.825175
690.734266
695.328671
688.174825
682.965035
688.538462
690.699301
691.629371
691.783217
693.202797
695.321678
685.027972
694.223776
691.664336
692.405594
686.517483
692.713287
692.496503
698.951049
694.230769
692.083916
688.979021
692.209790
690.531469
691.125874
688.678322
684.531469
