3105.625740
2869.329882
2887.883136
2933.159763
2870.195266
2878.539941
2887.701183
3205.581633
3182.317784
3150.434402
3159.715743
3220.367347
3228.164723
3343.664723
3282.033528
3199.803207
3191.131195
3144.807580
3166.912536
3203.481050
3180.080175
3203.333819
3382.068513
3295.590379
3311.492711
3272.206997
3027.106352
3109.370753
3107.064993
3081.886263
3068.079764
3059.422452
3113.991137
3104.827179
3110.614476
3180.181684
3103.366322
3008.070901
3082.322009
3011.968981
2949.113737
3089.358936
2998.026588
2954.945347
2984.989660
2708.022288
2663.139673
2666.600297
2680.670134
2709.531947
2679.408618
2693.447251
2700.806835
2678.748886
2709.205052
2667.395245
2692.196137
2694.081724
2604.080238
2752.717682
2693.358098
2669.101040
2681.139673
2675.222883
2714.490342
2692.669118
2713.132353
2702.854412
2695.325000
2657.966176
2751.354412
2712.045588
2707.698529
2722.044118
2699.442647
2677.926471
2708.866176
2663.201471
2721.130882
2701.126471
2697.829412
2681.339706
2724.066176
2715.329412
2730.233824
2912.351003
2913.077364
2908.361032
2913.388252
2980.628940
2930.885387
2884.974212
2903.829513
2869.603152
2911.302292
2869.697708
2939.416905
2976.110315
2923.588825
2860.729226
