1614.351515
1596.424242
1575.778788
1531.972727
1586.966667
1581.793939
1572.742424
1532.609091
1545.230303
1550.827273
1555.084848
1552.012121
1561.687879
1578.578788
1579.339394
1500.524242
1592.566667
1538.039394
1577.860606
1544.924242
1579.930303
1559.196970
1543.287879
1664.921212
1588.427273
1559.693939
1592.909091
1587.806061
1600.230303
1657.977346
1663.864078
1699.825243
1647.307443
1662.275081
1665.388350
1655.242718
1672.902913
1672.446602
1693.404531
1634.177994
1652.391586
1730.579288
1661.521036
1684.699029
1784.016181
1671.877023
1680.333333
1814.087379
1838.818770
1699.233010
1667.809061
1825.116505
1811.045307
1771.252427
1669.886731
1691.466019
1762.449838
1825.427184
1737.718447
1824.038835
1732.540453
1743.990291
1666.446602
1708.766990
1809.582524
1780.210356
1774.521036
1720.631068
1689.297735
1479.093939
1527.493939
1536.563636
1555.690909
1544.584848
1542.512121
1539.981818
1425.412121
1487.639394
1475.118182
1440.751515
1455.281818
1469.203030
1424.784848
1442.645455
1477.239394
1464.515152
1459.990909
1487.703030
1457.521212
1487.233333
1480.009091
1469.660606
1476.406061
1463.378788
1461.066667
1447.412121
1457.333333
1441.790909
1444.209091
1467.206061
