2475.254310
2305.247845
2285.959052
2264.172414
2249.068966
2289.476293
2257.278017
2289.739224
2267.991379
2279.165948
2239.784483
2300.987069
2280.922414
2277.653017
2252.323276
1586.808190
1583.946121
1639.286638
1653.443966
1672.586207
1702.969828
1610.045259
1584.418103
1565.596983
1615.334052
1602.355603
1621.053879
1585.786638
1651.323276
1581.396552
1565.275862
1645.734914
1682.198276
1623.469828
1690.915948
1665.974138
1825.586207
1689.053879
1621.491379
1654.984914
1763.528017
1631.185345
1649.015086
1728.737089
1736.727700
1678.913146
1730.514085
1749.129108
1680.321596
1700.457746
1744.591549
1736.255869
1757.265258
1769.342723
1724.126761
1645.622066
1674.392019
1668.976526
1658.122066
1657.725352
1674.030516
1654.481221
1638.920188
1666.237089
1635.654930
1656.978873
1646.279343
1661.373239
1623.687793
1685.462441
1642.603286
1675.610329
1669.302817
1656.136150
2301.004149
2332.821577
2339.211618
2330.132780
2352.979253
2358.508299
2361.037344
2337.564315
2337.280083
2339.109959
2349.746888
2378.630705
2326.126556
2303.074689
2348.827801
2359.302905
2340.468880
2346.753112
2363.616183
2331.609959
2353.825726
2340.688797
2378.479253
2352.161826
2337.473029
2357.533195
