653.868545
604.549296
594.962441
607.169014
582.830986
576.464789
760.070352
765.417085
774.321608
759.874372
765.110553
750.683417
780.020101
873.060302
776.407035
770.894472
759.120603
753.522613
786.135678
775.663317
756.567839
760.326633
759.231156
756.974874
760.341709
758.909548
753.281407
758.437186
811.346734
792.020101
756.582915
824.974874
756.311558
753.356784
759.768844
759.386935
746.311558
771.934673
770.793970
807.085427
749.713568
788.648241
763.839196
747.964824
752.954774
755.899497
760.557789
752.060302
735.562814
745.804020
786.959799
801.135678
764.879397
771.462312
756.809045
762.075377
760.577889
798.336683
761.060302
755.814070
769.251256
748.507538
755.010050
796.231156
866.532663
754.482412
758.095477
760.723618
759.854271
756.879397
758.592965
618.704142
619.668639
606.964497
607.633136
635.337278
604.686391
611.715976
616.384615
612.520710
610.881657
616.059172
617.502959
612.337278
614.124260
611.136095
614.473373
616.278107
639.100592
612.887574
617.852071
607.248521
614.988166
612.396450
608.195266
611.147929
607.556213
609.372781
608.952663
612.248521
