1385.372208
1317.593052
1293.431762
1261.119107
1271.176179
1287.895782
1288.516129
1273.930521
1273.923077
1300.101737
1278.166253
1301.687345
1294.764268
1277.272953
1298.349876
1265.677419
1333.585608
1293.521092
1295.354839
1329.119107
1303.228288
1341.918114
1343.935484
1319.119107
1266.151365
1297.707196
1312.116625
1262.935484
2206.922705
2196.932367
2189.094203
2207.980676
2222.316425
2179.937198
2230.657005
2171.905797
2227.553140
2230.772947
2366.398551
2372.079710
2281.553140
2266.405797
2242.516908
2206.405797
2365.480676
2260.896135
2263.277778
2275.043478
2278.690821
2248.661836
2265.183575
2226.485507
2235.099034
2236.526570
2260.449275
2257.272947
2327.256039
2239.782609
2335.347826
1914.591584
1862.294554
1824.366337
1786.950495
1780.940594
1783.824257
1810.955446
1766.839109
1746.222772
1788.435644
1811.413366
1846.836634
1798.071782
1782.631188
1797.742574
1778.576733
1767.601485
1766.764851
1795.485149
1789.871287
1782.653465
1791.913366
1771.547030
1799.341584
1794.408416
1785.987624
1784.301980
1763.752475
1773.363861
1783.405941
1793.569307
1784.764851
1768.133663
1757.168565
1769.603645
1764.243736
1766.391800
1815.938497
1764.143508
1787.692483
1801.731207
