2255.203297
2104.730769
2066.602564
2090.613553
2061.930403
2150.756410
2067.102564
2068.347985
2090.553114
2068.357143
2062.826007
1710.818021
1697.607774
1710.734982
1774.279152
1752.752650
1781.980565
1861.323322
1734.038869
1712.720848
1726.757951
1707.754417
1770.563604
1725.408127
1817.563604
1691.005300
1762.185512
1772.183746
1756.867491
1822.348057
1778.994700
1713.356890
1805.720848
1779.061837
2146.578846
2183.069231
2187.632692
2176.076923
2279.121154
2249.755769
2237.042308
2179.565385
2249.475000
2210.803846
2246.571154
2195.417308
2110.782692
2109.503846
2169.567308
2145.401923
2092.592308
2129.832692
2136.676923
2119.659615
2132.992308
2139.738462
2116.898077
2099.059615
2085.669231
2133.205769
2438.331418
2442.528736
2459.072797
2384.814176
2472.300766
2433.890805
2458.178161
2461.737548
2425.530651
2393.745211
2427.796935
2436.588123
2411.180077
2457.204981
2415.959770
2428.241379
2428.254789
2415.802682
2443.084291
2426.224138
2477.174330
2434.344828
2460.170498
2418.758621
2453.220307
2020.909615
1985.675000
2000.053846
1980.853846
1973.828846
2008.450000
1961.192308
2003.501923
1996.996154
2010.700000
1969.194231
2009.590385
2004.823077
1982.675000
2000.942308
