4860.190236
2512.082492
2560.685185
2499.663300
2593.069024
2554.937710
2484.816498
2485.163300
2519.356902
2486.134680
2476.563973
2527.530303
2531.542088
2653.983165
2601.816498
2583.473064
2615.725589
2527.271044
2825.788069
2795.808477
2870.376766
2937.436421
2852.720565
2839.205651
2983.665620
2887.632653
2883.814757
2894.375196
3017.857143
2908.896389
2941.422292
2868.978022
2902.880691
2891.733124
3001.737834
2869.318681
2879.723705
2915.835165
2904.639810
2954.698262
2881.552923
2858.140600
2856.693523
2873.625592
2882.440758
2833.914692
2877.992101
2838.589258
2834.033175
2785.407583
2827.248025
2870.459716
2855.582938
2876.314376
2856.985782
2871.527646
2864.734597
2861.107425
2869.268562
2865.644550
2986.749129
3006.714286
2991.376307
2991.487805
2973.656794
2940.639373
2939.433798
3001.466899
2980.928571
2921.087108
2962.351916
3001.871080
2940.522648
2902.526132
2959.951220
2989.959930
2905.869338
2993.142857
2972.172474
2988.344948
2951.560976
2983.562718
2982.383275
1979.156673
1973.802708
1955.829787
1935.823985
1965.077369
1979.245648
1947.649903
1991.226306
1976.969052
1950.408124
1962.239845
1950.872340
2008.377176
2001.079304
1937.829787
1971.586074
2006.938104
